# Created: 2023 Aug 10, D.Kashino
# Kashino et al. 2019, ApJS, 241, 10, Figure 35
# Sample-HJ
# index is 0-origin index in the FMOS-COSMOS master catalog (inc. 5484 sources).
# class=1 LQ S/N(lines)>1.5
# class=2 HQ S/N(lines)>3.0
# class=3 O3 upper limit
# class=4 O3 lower limit
# O3 = log10([OIII]5007/Hbeta)
# [IMPORTANT]
# The values of O3 provided here are already corrected for the Hbeta absorption (see Equations 14-15) so that they better represent the intrinsic values. 
# The "uncorrected" values can be obtained by O3uncor = O3 + Hb_corr.
# index class mass O3 O3_err O3_uplim O3_lolim
          26     10.0910997      4            NaN            NaN            NaN      0.1665260      0.0448278
          41     10.9490004      3            NaN            NaN     -0.6387368            NaN      0.0639524
          44     10.1324997      2     -0.1502414      0.1239827            NaN            NaN      0.0634128
          46      9.5677700      2      0.5977958      0.0448027            NaN            NaN      0.0112800
          53     10.0749998      2      0.3271674      0.0717175            NaN            NaN      0.0448456
          59      9.4856100      2      0.3950422      0.1150509            NaN            NaN      0.0913342
          69      9.6198902      2      0.2836891      0.0764425            NaN            NaN      0.0245676
          77      9.6632996      1      0.6281830      0.2060701            NaN            NaN      0.0220882
          92      9.8313503      2      0.6630212      0.0585475            NaN            NaN      0.0173791
          98      9.7934904      1      0.6986072      0.2117416            NaN            NaN      0.0313457
         109     10.3762999      2      0.0326533      0.0732832            NaN            NaN      0.0340073
         122     10.0466995      4            NaN            NaN            NaN     -0.0463498      0.0254240
         130      9.6104698      4            NaN            NaN            NaN      0.3102289      0.0224860
         139     10.0846996      2      0.1215893      0.1723123            NaN            NaN      0.0386494
         156      9.8833303      2      0.1231651      0.0819275            NaN            NaN      0.0240456
         168      9.7798405      2      0.3994062      0.0831278            NaN            NaN      0.0125590
         169      9.8048096      2      0.5606498      0.1305483            NaN            NaN      0.0279766
         174     10.4928999      1      0.3496204      0.1832241            NaN            NaN      0.0518267
         181      9.2826204      2      0.4047503      0.1040353            NaN            NaN      0.0329629
         193     10.8487997      1      0.5962023      0.2302520            NaN            NaN      0.1083505
         194     10.4708004      2      0.0394651      0.1112353            NaN            NaN      0.0345709
         196      9.6694698      2      0.3261766      0.0561281            NaN            NaN      0.0237117
         197     10.3782997      4            NaN            NaN            NaN      0.5679873      0.0750518
         210      9.1285200      2      0.6664139      0.0708139            NaN            NaN      0.0118064
         235     10.2059002      2      0.0653358      0.0619142            NaN            NaN      0.0615221
         238     10.0990000      4            NaN            NaN            NaN      0.0344614      0.0288020
         241      9.8531799      1      0.1047501      0.1714623            NaN            NaN      0.0379942
         265     10.2447996      4            NaN            NaN            NaN      0.2852916      0.0593490
         266     10.3288002      3            NaN            NaN     -0.0432276            NaN      0.0456713
         268      9.9534101      2      0.3268799      0.0706064            NaN            NaN      0.0376198
         273     10.2707996      2      0.2720982      0.1016791            NaN            NaN      0.0534113
         278     10.0562000      2      0.1068501      0.0993663            NaN            NaN      0.0300205
         281     10.9618998      2      0.2047999      0.1106070            NaN            NaN      0.1258851
         288      9.9930296      1      0.2790126      0.2085638            NaN            NaN      0.0424356
         290      9.9519901      3            NaN            NaN     -0.2711337            NaN      0.0535278
         294     10.4923000      2     -0.2306073      0.1686856            NaN            NaN      0.0667220
         295     10.0040998      2      0.0393254      0.0953097            NaN            NaN      0.0264932
         296      9.7151604      4            NaN            NaN            NaN      0.6848508      0.0153469
         297     10.2854996      2      0.0275578      0.1715612            NaN            NaN      0.0510648
         309      9.9377203      1      0.3457612      0.2579123            NaN            NaN      0.0385617
         311     10.0664997      2      0.3989654      0.1535484            NaN            NaN      0.0240020
         315     10.5136995      2     -0.2978429      0.1719033            NaN            NaN      0.0596265
         316     10.6075001      2     -0.0366623      0.1098386            NaN            NaN      0.0560206
         331     10.0412998      1      0.3759434      0.2028243            NaN            NaN      0.0370275
         335      9.9351301      4            NaN            NaN            NaN      0.2828634      0.0584090
         339      9.6416798      1      0.0432625      0.3176934            NaN            NaN      0.0338684
         346     10.2978001      2     -0.1043619      0.1773514            NaN            NaN      0.0362021
         348     11.0052996      2      0.2117278      0.1868993            NaN            NaN      0.0135042
         351      9.7842999      2      0.4513317      0.0827967            NaN            NaN      0.0210546
         364      9.8164597      4            NaN            NaN            NaN      0.4089193      0.0210368
         377      9.8641500      2      0.3517493      0.0871336            NaN            NaN      0.0293925
         379     10.2444000      1     -0.3764634      0.2241296            NaN            NaN      0.0519316
         382      9.3332396      1      0.5366012      0.1763875            NaN            NaN      0.0150281
         393      9.6455002      4            NaN            NaN            NaN      0.0686482      0.0221906
         396      9.6823397      4            NaN            NaN            NaN      0.2304740      0.0275142
         426      9.5564404      1      0.0231808      0.2200763            NaN            NaN      0.0498774
         427      9.6930799      2      0.0303826      0.1504822            NaN            NaN      0.0381964
         429      9.6187897      1      0.3915574      0.2487224            NaN            NaN      0.0311121
         443     10.2164001      3            NaN            NaN      0.0041440            NaN      0.0625793
         493      9.9862604      1      0.5714541      0.1895581            NaN            NaN      0.0095251
         495     10.5649004      2      0.2206418      0.0966146            NaN            NaN      0.0319749
         497     10.1524000      4            NaN            NaN            NaN      0.2848008      0.0388656
         510     11.0716000      3            NaN            NaN     -0.1766799            NaN      0.0468220
         531     10.6184998      2     -0.1446057      0.0919992            NaN            NaN      0.0313770
         542      9.7424498      3            NaN            NaN     -0.0275443            NaN      0.0546427
         547     10.0405998      4            NaN            NaN            NaN      0.0679730      0.0365065
         550      9.7495298      4            NaN            NaN            NaN      0.4964537      0.0281084
         562     10.6904001      3            NaN            NaN     -0.0081563            NaN      0.0672064
         568      9.4627895      4            NaN            NaN            NaN     -0.0552146      0.0266303
         578     10.0994997      2      0.3231009      0.1910885            NaN            NaN      0.0351616
         581      9.8094301      4            NaN            NaN            NaN      0.0330063      0.0287249
         591      9.6337605      4            NaN            NaN            NaN      0.1792978      0.0145109
         611      9.9409199      4            NaN            NaN            NaN      0.1372193      0.0485580
         612     10.9271002      3            NaN            NaN      0.3447418            NaN      0.1125559
         614      9.9254303      2      0.2610230      0.1422295            NaN            NaN      0.0642352
         616      9.6908398      2      0.3303516      0.0821548            NaN            NaN      0.0128602
         630      9.5170603      4            NaN            NaN            NaN      0.1283566      0.0234007
         632     10.1590996      2      0.2430623      0.0878562            NaN            NaN      0.0400806
         644     10.1208000      2      0.4237475      0.1496815            NaN            NaN      0.0359244
         657     10.1452999      1      0.1444529      0.1690234            NaN            NaN      0.0852178
         664      9.9032402      1     -0.4993391      0.2983511            NaN            NaN      0.0397468
         670     10.1021996      2      0.2277846      0.0861861            NaN            NaN      0.0349786
         672      9.8105698      4            NaN            NaN            NaN      0.5095121      0.0268679
         682     10.5464001      2     -0.1309071      0.1876395            NaN            NaN      0.0639895
         691     10.0978003      2     -0.0648611      0.0866607            NaN            NaN      0.0373853
         692      9.8216200      1      0.1538950      0.1927729            NaN            NaN      0.0326628
         699      9.7866297      2      0.0374973      0.1497034            NaN            NaN      0.0440611
         700     10.1927004      2      0.2230708      0.1368170            NaN            NaN      0.0469775
         716     10.1771002      1      0.6221347      0.2702095            NaN            NaN      0.0517773
         723     10.3987999      2      0.1794254      0.1231967            NaN            NaN      0.0654305
         742      9.8781900      4            NaN            NaN            NaN      0.0025493      0.0487143
         747     10.2679005      2     -0.3691947      0.1668436            NaN            NaN      0.0692401
         750     10.6167002      2     -0.1465543      0.1059089            NaN            NaN      0.0513126
         751     10.1573000      1      0.2796793      0.2297916            NaN            NaN      0.0421652
         767      9.4720201      4            NaN            NaN            NaN      0.1176722      0.0150945
         772     10.3662996      1      0.3305564      0.2387206            NaN            NaN      0.0730813
         777     10.4115000      2      0.0792536      0.1559643            NaN            NaN      0.0766774
         799     10.5143003      2      0.3221256      0.0616550            NaN            NaN      0.0496282
         802     10.7865000      1     -0.3407272      0.2707058            NaN            NaN      0.0801184
         814      8.9925299      4            NaN            NaN            NaN      0.5160431      0.0106574
         817     10.1097002      2      0.0823491      0.1232452            NaN            NaN      0.0406341
         819     10.1225996      2      0.5550262      0.1340882            NaN            NaN      0.0261081
         821      9.7494602      4            NaN            NaN            NaN      0.3474015      0.0472369
         825      9.8533497      2      0.2618332      0.1288480            NaN            NaN      0.0363067
         840     10.0899000      1      0.3712523      0.3123141            NaN            NaN      0.0457181
         854      9.9920998      3            NaN            NaN     -0.2649586            NaN      0.0301741
         860      9.6784201      2      0.7512977      0.0908416            NaN            NaN      0.0189631
         865      9.5219402      4            NaN            NaN            NaN     -0.0090855      0.0239121
         878      9.9329100      4            NaN            NaN            NaN      0.5434587      0.0459145
         924     10.0951004      1      0.0365084      0.2286993            NaN            NaN      0.0290676
         929     10.1975002      4            NaN            NaN            NaN      0.3947586      0.0490888
         937     10.7458000      3            NaN            NaN      0.1671622            NaN      0.1578845
         987      9.9236403      2      0.0978842      0.1399096            NaN            NaN      0.0306022
        1022      9.6833897      4            NaN            NaN            NaN      0.2033290      0.0315791
        1023      9.9570503      4            NaN            NaN            NaN     -0.1173628      0.0409685
        1034     10.0403004      2      0.4714866      0.0321947            NaN            NaN      0.0171926
        1044     10.2378998      1      0.0952825      0.2465492            NaN            NaN      0.0673151
        1051      9.8774500      2      0.2408125      0.1418863            NaN            NaN      0.0333053
        1059     10.3254995      1      0.2172339      0.2559070            NaN            NaN      0.0478772
        1062      9.8178301      1     -0.5110475      0.3047156            NaN            NaN      0.0367166
        1091      9.7324495      2      0.7260671      0.1153483            NaN            NaN      0.0296446
        1093      9.5386600      1      0.5267169      0.2657157            NaN            NaN      0.0073823
        1095     10.3615999      3            NaN            NaN     -0.2057022            NaN      0.1156867
        1100     10.2407999      2     -0.3232304      0.1059994            NaN            NaN      0.0369112
        1102     10.2707005      1      0.3082355      0.2285696            NaN            NaN      0.0402837
        1115     10.3465996      1     -0.2277049      0.2220314            NaN            NaN      0.0503018
        1134      9.4211998      2      0.2107547      0.1652291            NaN            NaN      0.0344109
        1137      9.6227598      2      0.1037849      0.1374320            NaN            NaN      0.0172199
        1138      9.8881998      3            NaN            NaN     -0.3703323            NaN      0.0236286
        1143      9.7306995      2      0.1608521      0.0587852            NaN            NaN      0.0326409
        1144      9.6910400      4            NaN            NaN            NaN      0.2643287      0.0292460
        1150     10.3204002      4            NaN            NaN            NaN      0.2190896      0.0787756
        1183      9.8518600      2      0.0684562      0.1164187            NaN            NaN      0.0110342
        1188      9.8711100      4            NaN            NaN            NaN      0.2940425      0.0379520
        1194     11.2524996      1     -0.1013583      0.2709152            NaN            NaN      0.2068164
        1196     10.2156000      1      0.3135802      0.2294761            NaN            NaN      0.0471776
        1205      9.5860205      2      0.4618039      0.0596360            NaN            NaN      0.0167716
        1207     10.0801001      4            NaN            NaN            NaN      0.0190330      0.0696468
        1208      9.6284704      2      0.2442151      0.0828849            NaN            NaN      0.0178193
        1221      9.8516598      1      0.4376089      0.1587930            NaN            NaN      0.0341769
        1222     10.8999996      4            NaN            NaN            NaN     -0.2363124      0.0494108
        1229      9.7735100      1      0.3852102      0.2320986            NaN            NaN      0.0388230
        1231     10.1575003      2     -0.1159421      0.1152602            NaN            NaN      0.0347547
        1236     10.7809000      3            NaN            NaN     -0.4231431            NaN      0.1268126
        1239      9.9288502      2      0.0265858      0.1001758            NaN            NaN      0.0408883
        1240      9.8553600      2      0.3248179      0.0483207            NaN            NaN      0.0276110
        1244     10.5242004      4            NaN            NaN            NaN      0.0750110      0.0915691
        1252     10.4174995      2      0.0626504      0.0613947            NaN            NaN      0.0651299
        1254     10.6075001      3            NaN            NaN     -0.0307397            NaN      0.1537923
        1261      9.8239202      2      0.5693050      0.0365568            NaN            NaN      0.0218345
        1265      9.7082996      4            NaN            NaN            NaN     -0.2610233      0.0210047
        1266     10.3336000      3            NaN            NaN      0.0215422            NaN      0.1061227
        1267      9.8671303      2      0.4544311      0.1351021            NaN            NaN      0.0305294
        1309     10.1554003      4            NaN            NaN            NaN      0.2493199      0.0435757
        1334     10.3823004      4            NaN            NaN            NaN     -0.0874530      0.0160750
        1356     10.4742002      4            NaN            NaN            NaN     -0.2983614      0.0495795
        1385      9.6226101      4            NaN            NaN            NaN      0.4534945      0.0144617
        1399     10.0530005      1      0.0033540      0.1798194            NaN            NaN      0.0614870
        1402      9.8836203      4            NaN            NaN            NaN     -0.0512105      0.0307284
        1414     10.1206999      4            NaN            NaN            NaN      0.2285297      0.0526203
        1415      9.7102604      4            NaN            NaN            NaN      0.1907124      0.0241489
        1438     10.2508001      4            NaN            NaN            NaN      0.1346032      0.0308133
        1473      9.6945200      3            NaN            NaN      0.1720766            NaN      0.0266068
        1481      9.2422895      1      0.6510113      0.1884966            NaN            NaN      0.0060651
        1492     10.0577002      1      0.0656709      0.2152897            NaN            NaN      0.0768897
        1496      9.9332705      4            NaN            NaN            NaN      0.6710992      0.0536203
        1580      9.6226101      2      0.2318370      0.1549669            NaN            NaN      0.0220003
        1599     10.3818998      3            NaN            NaN     -0.0290999            NaN      0.1027241
        1645     10.0684996      4            NaN            NaN            NaN      0.3109406      0.0587004
        1708      9.9739103      4            NaN            NaN            NaN      0.0527966      0.0435737
        1731      9.8684702      1      0.4383175      0.1615741            NaN            NaN      0.0225912
        1733      9.4809103      3            NaN            NaN     -0.2128627            NaN      0.0264789
        1750     10.4820995      2      0.3487418      0.1337363            NaN            NaN      0.0679155
        1768     10.3030996      4            NaN            NaN            NaN      0.0232451      0.1220887
        1772      9.8945303      4            NaN            NaN            NaN      0.1401185      0.0348831
        1784     11.1627998      1      0.1243151      0.2307130            NaN            NaN      0.2346723
        1789     10.2279997      4            NaN            NaN            NaN     -0.0585862      0.0365838
        1793     10.3248997      1     -0.0605264      0.2290295            NaN            NaN      0.0452983
        1816     10.4583998      2     -0.2012913      0.1934010            NaN            NaN      0.0517623
        1831     10.8649998      3            NaN            NaN     -0.5216274            NaN      0.2226559
        1844      9.7128201      1      0.4148105      0.1920597            NaN            NaN      0.0287842
        1855      9.6325397      2      0.5364451      0.0673011            NaN            NaN      0.0091202
        1861     10.8587999      4            NaN            NaN            NaN     -0.0796073      0.1489567
        1867      9.7388601      4            NaN            NaN            NaN      0.5397402      0.0160487
        1873     10.5706997      4            NaN            NaN            NaN     -0.1699916      0.1088741
        1880      9.7617302      2      0.4554237      0.1626303            NaN            NaN      0.0288712
        1883      9.6073303      1     -0.1385778      0.2484631            NaN            NaN      0.0186876
        1904     10.0895004      1      0.5662890      0.2650254            NaN            NaN      0.0217173
        1908     10.5549002      1     -0.0307080      0.1974488            NaN            NaN      0.0476920
        1914     10.2286997      2      0.3304988      0.1985210            NaN            NaN      0.0631011
        1922      9.7575903      2      0.4690688      0.0694081            NaN            NaN      0.0295012
        1923     10.0098000      2      0.2238249      0.1221566            NaN            NaN      0.0362114
        1926      9.9174500      1      0.3534344      0.2038636            NaN            NaN      0.0371425
        1928     10.0796003      2      0.2444685      0.1682271            NaN            NaN      0.0479359
        1931      9.9665499      2      0.4020655      0.1121075            NaN            NaN      0.0304357
        1932      9.7579403      2      0.4479925      0.0951866            NaN            NaN      0.0286462
        1933      9.8219404      2      0.4904999      0.0663835            NaN            NaN      0.0354256
        1938      9.6337900      1      0.1826178      0.1980718            NaN            NaN      0.0302277
        1940     10.3971004      2     -0.0568671      0.1060966            NaN            NaN      0.0286158
        1942     10.4338999      2      0.4538333      0.0653267            NaN            NaN      0.1416449
        1950     10.0897999      2      0.1947395      0.1258785            NaN            NaN      0.0309412
        1957      9.8637505      4            NaN            NaN            NaN      0.3067887      0.0134205
        1958     10.6499996      3            NaN            NaN      0.0922990            NaN      0.0323728
        1969      9.5036898      2      0.5817738      0.1155718            NaN            NaN      0.0191524
        1983      9.8849602      4            NaN            NaN            NaN      0.1191713      0.0445368
        1990      9.8768797      2      0.1867316      0.0596950            NaN            NaN      0.0314864
        1994      9.8417597      4            NaN            NaN            NaN      0.1557396      0.0415892
        2011     10.1942997      3            NaN            NaN     -0.0737606            NaN      0.0509852
        2026      9.9289703      2      0.4420710      0.0531103            NaN            NaN      0.0197870
        2034      9.5369997      2      0.4098059      0.0977481            NaN            NaN      0.0218034
        2038     10.4532003      2      0.2309454      0.1627900            NaN            NaN      0.0694268
        2039     10.3690996      2     -0.0885160      0.1407564            NaN            NaN      0.0388418
        2094      9.7238903      2      0.4985417      0.0690064            NaN            NaN      0.0130187
        2102      9.5933104      2      0.4941460      0.0976940            NaN            NaN      0.0147268
        2103     10.3872004      2     -0.2290584      0.1567479            NaN            NaN      0.0790515
        2108     10.5600004      2     -0.4122666      0.0979595            NaN            NaN      0.0649234
        2109     10.3409996      2      0.3003485      0.1610630            NaN            NaN      0.0521089
        2116      9.9664202      2      0.0998777      0.1072671            NaN            NaN      0.0350246
        2120     10.5067997      2      0.0492974      0.1719776            NaN            NaN      0.0935758
        2127     10.4615002      2     -0.1770245      0.1031507            NaN            NaN      0.0561524
        2138     10.2784996      2      0.0140199      0.0981681            NaN            NaN      0.0455223
        2148     10.3570004      2     -0.0266129      0.1339365            NaN            NaN      0.0743743
        2156     10.3136997      2      0.1273634      0.1805941            NaN            NaN      0.0350521
        2157     10.2607002      3            NaN            NaN     -0.4729438            NaN      0.0397598
        2158     10.1072998      2      0.0434752      0.1146144            NaN            NaN      0.0496916
        2175     10.8100004      2      0.2221742      0.1508852            NaN            NaN      0.1379769
        2189     10.3760004      3            NaN            NaN     -0.7194023            NaN      0.0435516
        2209     10.5662003      2     -0.0261856      0.1659696            NaN            NaN      0.0839198
        2228     10.0993996      1      0.2021189      0.3104318            NaN            NaN      0.0491354
        2251     10.3008003      2     -0.0995806      0.1652327            NaN            NaN      0.0774814
        2258      9.9602900      1      0.1407002      0.1539019            NaN            NaN      0.0155689
        2267     10.0818005      1      0.3821936      0.2173322            NaN            NaN      0.0243453
        2327     10.3906002      3            NaN            NaN     -0.6361887            NaN      0.0462178
        2330      9.9684896      1      0.5044042      0.1617080            NaN            NaN      0.0242420
        2375     10.8083000      3            NaN            NaN     -0.3801330            NaN      0.0729368
        2452      9.9235096      3            NaN            NaN     -0.1682543            NaN      0.0617907
        2570     10.3324003      2     -0.1611781      0.1467303            NaN            NaN      0.0300514
        2587      9.9058199      4            NaN            NaN            NaN      0.4655797      0.0165302
        3242     10.3676996      2      0.1777232      0.1014888            NaN            NaN      0.0603548
        3279      9.8765097      2      0.1927026      0.1653328            NaN            NaN      0.0668603
        3336     10.5116997      4            NaN            NaN            NaN     -0.2610233      0.0399297
        3522      9.8832703      2      0.1004630      0.1619379            NaN            NaN      0.0147855
        3668      9.8651896      1      0.2661046      0.1712481            NaN            NaN      0.0211808
        3763     10.8128996      2     -0.1810915      0.1378145            NaN            NaN      0.1905255
        3772     10.0695000      4            NaN            NaN            NaN     -0.1773580      0.0478567
        4033      9.8999796      1      0.2954479      0.3908663            NaN            NaN      0.0312831
        4098      9.7686901      4            NaN            NaN            NaN      0.2569424      0.0328909
        4174      9.7126198      1      0.8250536      0.1976604            NaN            NaN      0.0312122
        4236     10.2538004      1      0.3920926      0.2952511            NaN            NaN      0.0398082
        4243     11.0008001      3            NaN            NaN     -0.0104238            NaN      0.0301990
        4263      9.9243402      4            NaN            NaN            NaN      0.2887794      0.0219809
        4327      9.4798403      2      0.7897059      0.0564651            NaN            NaN      0.0258839
        4369      9.5695496      2      0.6454219      0.0700984            NaN            NaN      0.0134589
        4477     10.0475998      1      0.3102432      0.1711209            NaN            NaN      0.0354151
        4534      9.2350197      2      0.7957991      0.0347142            NaN            NaN      0.0110084
        4538      9.7375002      1      0.3891822      0.1652765            NaN            NaN      0.0384935
        4546     10.5345001      3            NaN            NaN     -0.1850551            NaN      0.0909029
        4549     10.4666004      2      0.1263133      0.1180437            NaN            NaN      0.0423748
        4555      9.9890900      1     -0.1982915      0.3677852            NaN            NaN      0.0818314
        4562      9.9679403      4            NaN            NaN            NaN      0.4526680      0.0523090
        4629      9.3715801      3            NaN            NaN      0.1017465            NaN      0.0324214
        4635     10.5895004      3            NaN            NaN     -0.0402226            NaN      0.0767152
