# Created: 2023 Aug 10, D.Kashino
# Kashino et al. 2019, ApJS, 241, 10, Figure 37
# Sample-H (881 with [NII] coverage)
# class=1 LQ S/N(Halpha)>3 S/N([NII])>1.5
# class=2 HQ S/N(Halpha)>5 S/N([NII])>3.0
# class=3 upper limit on N2
# N2 = log10([NII]6584/Halpha)
# S2 = log10([SII]6717+6731/Halpha)
# O3 = log10([OIII]5007/Hbeta)
# index is 0-origin index in the FMOS-COSMOS master catalog (inc. 5484 sources).
# index class mass N2 N2_err N2_uplim
           0     10.0305996      1     -0.5642567      0.1980362            NaN
           9     10.5901003      1     -0.4490690      0.2102160            NaN
          10      9.8903503      1     -0.1063037      0.2898123            NaN
          18     10.2119999      3            NaN            NaN     -0.2195836
          26     10.0910997      2     -0.6978932      0.1377075            NaN
          37      9.5039997      3            NaN            NaN     -0.8969080
          41     10.9490004      2     -0.3017669      0.1169512            NaN
          44     10.1324997      3            NaN            NaN     -0.2251223
          46      9.5677700      3            NaN            NaN     -0.9936131
          53     10.0749998      2     -0.5654081      0.0834891            NaN
          59      9.4856100      3            NaN            NaN     -0.3275934
          62      9.6259499      3            NaN            NaN     -0.0484911
          69      9.6198902      1     -0.9915443      0.1596233            NaN
          77      9.6632996      3            NaN            NaN     -0.6142137
          81     10.7020998      2     -0.2072503      0.1030901            NaN
          83     11.2126999      3            NaN            NaN     -0.3192576
          86     10.7840996      2     -0.5890354      0.1183717            NaN
          89     11.1980000      1     -0.3128694      0.1725295            NaN
          92      9.8313503      2     -0.8065876      0.0792314            NaN
          98      9.7934904      3            NaN            NaN     -0.3952059
         109     10.3762999      2     -0.6635084      0.1178993            NaN
         110     10.6787004      3            NaN            NaN     -0.0368839
         122     10.0466995      1     -0.4249081      0.1381262            NaN
         123     10.1580000      2     -0.3266898      0.0889359            NaN
         126     10.2271996      2     -0.6100545      0.0896253            NaN
         127     10.8780003      2     -0.5302256      0.1261926            NaN
         130      9.6104698      1     -0.4641363      0.2189732            NaN
         139     10.0846996      3            NaN            NaN     -0.6439858
         142     10.1205997      1     -0.7758762      0.2060205            NaN
         147     10.9427996      2     -0.5700955      0.1223527            NaN
         151      9.9360504      3            NaN            NaN     -0.3931631
         153     10.2053003      2     -0.4755691      0.1036580            NaN
         154     10.0174999      3            NaN            NaN     -0.0059815
         156      9.8833303      2     -0.7565786      0.0833361            NaN
         166     10.1929998      1     -0.5688049      0.1908528            NaN
         167     10.2575998      1     -0.6035641      0.2115219            NaN
         168      9.7798405      2     -0.4317226      0.0872976            NaN
         169      9.8048096      2     -0.7718264      0.1375095            NaN
         174     10.4928999      3            NaN            NaN     -0.6063680
         181      9.2826204      2     -0.3295766      0.1057130            NaN
         186      9.2025404      3            NaN            NaN     -0.2658439
         187      9.8101702      1     -0.6824815      0.2635821            NaN
         188     10.4277000      1     -1.0102749      0.2652553            NaN
         189     10.2645998      1     -0.4933830      0.1537507            NaN
         190     10.4940004      2     -0.2876440      0.0890735            NaN
         192      9.5446100      2     -0.2690009      0.1426648            NaN
         193     10.8487997      2     -0.5858794      0.0692144            NaN
         194     10.4708004      2     -0.4039313      0.0592543            NaN
         196      9.6694698      1     -0.8743057      0.2381106            NaN
         197     10.3782997      3            NaN            NaN     -0.9557062
         205     10.5122995      3            NaN            NaN     -0.7862615
         210      9.1285200      3            NaN            NaN     -0.9020855
         214     10.5036001      1     -0.6437958      0.1987843            NaN
         224     10.0815001      1     -0.8850890      0.2267143            NaN
         226      9.6024599      3            NaN            NaN     -0.3615164
         227     10.5537004      2     -0.2649825      0.0874096            NaN
         235     10.2059002      2     -0.4501084      0.0961809            NaN
         238     10.0990000      3            NaN            NaN     -0.4890252
         241      9.8531799      3            NaN            NaN     -0.5091211
         244      9.9269695      3            NaN            NaN     -0.5277171
         259      9.9914703      1     -0.7455807      0.1736481            NaN
         265     10.2447996      1     -0.6536915      0.1851704            NaN
         268      9.9534101      2     -0.7508321      0.0819136            NaN
         273     10.2707996      2     -0.4685018      0.0621448            NaN
         275     10.9260998      2     -0.3145035      0.1426339            NaN
         276      9.8672304      1     -0.7590596      0.2738833            NaN
         278     10.0562000      3            NaN            NaN     -1.0641932
         281     10.9618998      2     -0.2994623      0.0576837            NaN
         286     10.3917999      2     -0.4903518      0.0746558            NaN
         288      9.9930296      3            NaN            NaN     -0.1022245
         290      9.9519901      3            NaN            NaN      0.0873510
         294     10.4923000      2     -0.4603239      0.0461948            NaN
         295     10.0040998      2     -0.5352408      0.0790656            NaN
         296      9.7151604      1     -0.9217654      0.1526663            NaN
         297     10.2854996      2     -0.4821560      0.0629865            NaN
         300      9.6225796      3            NaN            NaN     -0.9470255
         309      9.9377203      2     -0.7430208      0.1196343            NaN
         311     10.0664997      2     -0.6759316      0.0751576            NaN
         315     10.5136995      2     -0.4727581      0.1113563            NaN
         316     10.6075001      2     -0.1644987      0.0270907            NaN
         326     10.9743996      2     -0.3817372      0.0395838            NaN
         327     10.1110001      3            NaN            NaN     -0.6269277
         329     10.1583004      1     -0.8114033      0.1737489            NaN
         331     10.0412998      1     -1.0130727      0.1930719            NaN
         335      9.9351301      1     -0.7304156      0.1585091            NaN
         336     10.1913996      2     -0.3282746      0.0855440            NaN
         339      9.6416798      2     -0.4000764      0.1257639            NaN
         341     10.2891998      2     -0.5969455      0.0775605            NaN
         342      9.8609695      3            NaN            NaN     -0.8818181
         344      9.0477896      3            NaN            NaN     -0.9289212
         346     10.2978001      2     -0.5635995      0.0887991            NaN
         348     11.0052996      2     -0.5354292      0.0415709            NaN
         351      9.7842999      2     -0.5511143      0.0760296            NaN
         353      9.9038897      1     -0.6033976      0.1524022            NaN
         356      9.6450901      3            NaN            NaN     -0.3426451
         357     10.1091995      1     -0.8760645      0.2457225            NaN
         358      9.7939301      1     -0.6648079      0.1828771            NaN
         359      9.7914000      3            NaN            NaN     -0.7172655
         364      9.8164597      3            NaN            NaN     -0.3200373
         366     10.3123999      2     -0.8210909      0.0845563            NaN
         372     10.4183998      2     -0.4793665      0.1229021            NaN
         377      9.8641500      2     -1.0215625      0.1146882            NaN
         379     10.2444000      1     -0.6079718      0.1578574            NaN
         381     10.5241003      2     -0.1981793      0.0807796            NaN
         382      9.3332396      1     -0.8030759      0.1684049            NaN
         384     11.1949997      2     -0.1974801      0.0926444            NaN
         393      9.6455002      1     -0.4855927      0.2168061            NaN
         396      9.6823397      1     -0.7920281      0.2629120            NaN
         404     10.6022997      3            NaN            NaN     -0.2769338
         405      9.9587097      2     -0.5135580      0.1432530            NaN
         407     10.9057999      1     -0.5217350      0.2110979            NaN
         409      9.9294004      2     -0.3505325      0.1261850            NaN
         410      9.3841000      3            NaN            NaN     -0.6847880
         412      9.7336197      3            NaN            NaN     -0.4118536
         416     10.1918001      2     -0.5292413      0.1292270            NaN
         426      9.5564404      1     -0.5708473      0.2278997            NaN
         429      9.6187897      3            NaN            NaN     -0.5459870
         435     10.0738001      2     -0.6916232      0.1496519            NaN
         443     10.2164001      3            NaN            NaN      0.0603694
         450     10.6424999      1     -0.5254605      0.2698648            NaN
         456     10.5458002      2     -0.4108145      0.1023016            NaN
         462     10.8625002      2     -0.7580001      0.1027465            NaN
         473      9.9586401      3            NaN            NaN     -0.3956269
         477     10.1155996      3            NaN            NaN     -0.4007195
         482     10.6664000      2     -0.7094969      0.1425638            NaN
         493      9.9862604      2     -1.0755898      0.1117946            NaN
         495     10.5649004      2     -0.4986466      0.0369678            NaN
         497     10.1524000      2     -0.6381893      0.1226805            NaN
         500      9.7327499      3            NaN            NaN     -0.6307592
         504     10.1237001      3            NaN            NaN     -0.8454934
         505     10.4153004      2     -0.4183814      0.1196412            NaN
         506     10.8164997      3            NaN            NaN     -0.1483608
         508      9.9565697      3            NaN            NaN     -0.6119817
         510     11.0716000      2     -0.2327937      0.0532984            NaN
         511      9.9895697      3            NaN            NaN     -0.6274990
         518      8.7922201      3            NaN            NaN     -0.3844084
         519      9.3515701      3            NaN            NaN     -0.6884317
         525      9.5642300      3            NaN            NaN     -0.5742145
         527     10.5180998      2     -0.4450894      0.1124028            NaN
         530     10.9113998      1     -0.3164379      0.1132619            NaN
         531     10.6184998      2     -0.3844141      0.0366730            NaN
         538      9.7352505      2     -0.5211998      0.1183211            NaN
         542      9.7424498      3            NaN            NaN     -0.6252745
         547     10.0405998      3            NaN            NaN     -0.4621530
         550      9.7495298      1     -1.1459181      0.1538990            NaN
         553     10.3554001      2     -0.5002751      0.0614549            NaN
         554     10.3903999      1     -0.8597381      0.2609716            NaN
         562     10.6904001      2     -0.3286217      0.0893775            NaN
         568      9.4627895      3            NaN            NaN     -0.6416814
         578     10.0994997      1     -1.0166122      0.1871716            NaN
         581      9.8094301      3            NaN            NaN     -0.5006238
         588      9.6200199      1     -0.2900184      0.1567678            NaN
         591      9.6337605      3            NaN            NaN     -0.3345832
         594     10.3788996      1     -0.3360028      0.1540460            NaN
         600     10.3534002      1     -0.6175010      0.2664009            NaN
         602      9.5675001      3            NaN            NaN     -0.7687040
         606      9.6430998      3            NaN            NaN     -0.1364443
         611      9.9409199      1     -0.4867326      0.1649399            NaN
         612     10.9271002      2     -0.1610041      0.1198699            NaN
         614      9.9254303      1     -0.7738051      0.2071927            NaN
         616      9.6908398      2     -0.9019437      0.0997181            NaN
         630      9.5170603      3            NaN            NaN     -0.2141280
         632     10.1590996      3            NaN            NaN     -0.4768224
         643      9.9177198      3            NaN            NaN     -0.6346246
         644     10.1208000      1     -0.9094933      0.1953898            NaN
         657     10.1452999      3            NaN            NaN     -0.8379483
         665      9.9876003      3            NaN            NaN     -0.6370565
         667      9.7995396      3            NaN            NaN      0.0756602
         669     10.1100998      2     -0.2565575      0.1080282            NaN
         670     10.1021996      1     -1.0851432      0.2711417            NaN
         671     10.0721998      1     -0.6950516      0.2055761            NaN
         682     10.5464001      2     -0.2237794      0.0674621            NaN
         684     10.0265999      1     -0.3890799      0.1870228            NaN
         690     10.5628004      1     -0.2056161      0.1798122            NaN
         691     10.0978003      1     -1.0464972      0.2282445            NaN
         692      9.8216200      3            NaN            NaN     -0.4071364
         694      9.9321604      3            NaN            NaN     -0.4116349
         697     10.2377996      2     -0.6192966      0.1332748            NaN
         699      9.7866297      1     -0.8261116      0.2003362            NaN
         700     10.1927004      3            NaN            NaN     -0.7616199
         716     10.1771002      3            NaN            NaN     -0.3464925
         723     10.3987999      2     -0.4581919      0.0997172            NaN
         725     10.0955000      3            NaN            NaN     -0.3365665
         726      9.7640400      1     -0.5603026      0.2144518            NaN
         730     10.1519003      3            NaN            NaN     -0.3118843
         734     10.6009998      1     -0.3915257      0.1347517            NaN
         738      9.9422398      3            NaN            NaN     -0.3237888
         742      9.8781900      3            NaN            NaN     -0.2394361
         751     10.1573000      1     -0.4465046      0.1449454            NaN
         765     10.4343996      1     -0.4388396      0.1613302            NaN
         772     10.3662996      1     -0.6448380      0.1688348            NaN
         776     10.1429996      2     -0.2744763      0.1297604            NaN
         777     10.4115000      2     -0.4403057      0.0973074            NaN
         793      9.9015703      2     -0.1407480      0.1031237            NaN
         797     10.0486002      2     -0.3407316      0.1390348            NaN
         799     10.5143003      2     -0.5242789      0.0421684            NaN
         802     10.7865000      2     -0.2749158      0.0497980            NaN
         810      9.9891796      2     -0.6797533      0.1459461            NaN
         811      9.9176598      1     -0.4977829      0.1787565            NaN
         814      8.9925299      3            NaN            NaN     -0.3714873
         817     10.1097002      1     -0.9671325      0.2805454            NaN
         819     10.1225996      2     -0.8317975      0.1128875            NaN
         821      9.7494602      3            NaN            NaN     -0.4502025
         825      9.8533497      1     -0.2495539      0.2798983            NaN
         832     10.7518997      1     -0.3144398      0.1799108            NaN
         835     10.3079004      2     -0.2447123      0.0981782            NaN
         837      9.6531000      1     -0.4122116      0.1902841            NaN
         840     10.0899000      3            NaN            NaN     -0.4057188
         843     10.0501003      1     -0.5804747      0.1944829            NaN
         845     10.1847000      2     -0.4221499      0.1037241            NaN
         849     10.1295996      1     -0.4659038      0.2727014            NaN
         852     11.2954998      2     -0.3387295      0.1066560            NaN
         854      9.9920998      1     -0.7398651      0.1691695            NaN
         860      9.6784201      3            NaN            NaN     -0.7911344
         865      9.5219402      1     -0.4011559      0.2939846            NaN
         867      9.7136898      1     -0.4642059      0.1774776            NaN
         878      9.9329100      3            NaN            NaN     -0.2139215
         881      9.8044100      3            NaN            NaN     -0.3416545
         892     10.6837997      2     -0.4232720      0.1606320            NaN
         905     10.5079002      3            NaN            NaN     -0.6830871
         909      9.8379898      1     -0.3914138      0.1885546            NaN
         924     10.0951004      2     -0.3240452      0.1685732            NaN
         929     10.1975002      3            NaN            NaN     -0.6252642
         937     10.7458000      3            NaN            NaN     -0.0240924
         940     10.4942999      3            NaN            NaN      0.0188707
         946     10.8390999      3            NaN            NaN     -0.6270493
         948      9.9948101      3            NaN            NaN     -0.3543366
         950      9.6953001      3            NaN            NaN     -0.0547489
         951     10.6835003      3            NaN            NaN     -1.0706348
         955      9.9379702      2     -0.6130775      0.1387835            NaN
         987      9.9236403      3            NaN            NaN     -0.3738655
         989     10.5458002      1     -0.1851354      0.2600456            NaN
         993      9.5639200      3            NaN            NaN     -0.1000933
         999     10.4313002      2     -0.3195068      0.1441264            NaN
        1011      9.8851500      1     -0.4869821      0.2761967            NaN
        1016     10.3065004      1     -0.6082675      0.2826280            NaN
        1018     10.5316000      3            NaN            NaN     -0.2395506
        1022      9.6833897      1     -0.7759382      0.2965652            NaN
        1023      9.9570503      1     -0.5291482      0.2164003            NaN
        1025     10.0778999      1     -0.8673354      0.3006605            NaN
        1034     10.0403004      1     -1.2071292      0.2182660            NaN
        1039     10.3409996      1     -0.4439096      0.1700779            NaN
        1044     10.2378998      3            NaN            NaN     -0.4342690
        1046      9.8103104      3            NaN            NaN      0.1795657
        1051      9.8774500      3            NaN            NaN     -0.4199341
        1057     10.0302000      1     -0.6052738      0.1927810            NaN
        1059     10.3254995      1     -0.8098636      0.1811213            NaN
        1062      9.8178301      3            NaN            NaN     -0.3580510
        1077      9.7595797      3            NaN            NaN     -0.8006098
        1079      9.8414097      1     -0.6903555      0.2694434            NaN
        1091      9.7324495      3            NaN            NaN     -0.4029781
        1093      9.5386600      3            NaN            NaN     -0.2374065
        1095     10.3615999      1     -0.1371726      0.1731178            NaN
        1098     10.1785002      2     -0.5907372      0.1425550            NaN
        1100     10.2407999      2     -0.5115529      0.1152855            NaN
        1102     10.2707005      3            NaN            NaN     -0.3066531
        1115     10.3465996      2     -0.2677802      0.1253345            NaN
        1117      9.8402700      3            NaN            NaN     -0.2142301
        1133     10.6285000      2     -0.3828866      0.1067237            NaN
        1134      9.4211998      3            NaN            NaN     -0.7682886
        1137      9.6227598      3            NaN            NaN     -0.5858268
        1138      9.8881998      2     -0.3564473      0.1328657            NaN
        1140     10.0864000      1     -0.3607978      0.2825088            NaN
        1142     10.1275997      1     -0.2431971      0.1539076            NaN
        1143      9.7306995      2     -0.5847890      0.0844234            NaN
        1144      9.6910400      1     -0.2438029      0.2036310            NaN
        1147     10.9644003      2     -0.3108278      0.1267905            NaN
        1150     10.3204002      3            NaN            NaN     -0.2420820
        1156     10.4616003      3            NaN            NaN     -0.6834532
        1165     10.6448002      2     -0.4405574      0.0571981            NaN
        1182     10.2108002      3            NaN            NaN     -0.3193009
        1183      9.8518600      1     -0.7692221      0.1567696            NaN
        1184      9.4609003      1     -0.1554123      0.2796344            NaN
        1187     10.7525997      1     -0.4963530      0.1938917            NaN
        1188      9.8711100      1     -0.7272540      0.1670524            NaN
        1192     10.3273001      3            NaN            NaN     -0.0331310
        1194     11.2524996      2     -0.1899497      0.1364332            NaN
        1195     10.4791002      1     -0.3235240      0.1255718            NaN
        1196     10.2156000      3            NaN            NaN     -0.2871877
        1205      9.5860205      1     -0.6139118      0.1591633            NaN
        1207     10.0801001      1     -0.7967635      0.2753418            NaN
        1208      9.6284704      1     -0.4154020      0.2319065            NaN
        1210     10.3551998      1     -0.5416143      0.2249774            NaN
        1212      9.8647099      3            NaN            NaN     -0.6087663
        1217     11.0000000      3            NaN            NaN      0.0954656
        1219     10.9469995      2     -0.2350346      0.1237993            NaN
        1221      9.8516598      2     -0.5062230      0.0958970            NaN
        1222     10.8999996      3            NaN            NaN     -0.3622001
        1226     10.7391005      1     -0.4018457      0.1690083            NaN
        1228      9.8550301      1     -0.3458367      0.1801639            NaN
        1229      9.7735100      1     -0.5356167      0.1738758            NaN
        1231     10.1575003      3            NaN            NaN     -0.6876958
        1234     10.3522997      2     -0.4461853      0.1249439            NaN
        1235      9.6973000      3            NaN            NaN     -0.6897583
        1236     10.7809000      2     -0.3065380      0.1083240            NaN
        1237     10.1415005      2     -0.2781055      0.1383124            NaN
        1239      9.9288502      1     -0.7163368      0.1991637            NaN
        1240      9.8553600      3            NaN            NaN     -0.9037072
        1242     10.3648005      1     -0.1533750      0.1524249            NaN
        1244     10.5242004      2     -0.4601354      0.1319534            NaN
        1245      9.9465799      2     -0.6101797      0.1157288            NaN
        1252     10.4174995      1     -1.1659063      0.2719211            NaN
        1254     10.6075001      3            NaN            NaN     -0.2013896
        1256     10.1461000      1     -0.8590387      0.1993660            NaN
        1257     10.4502001      3            NaN            NaN     -0.5488692
        1261      9.8239202      2     -0.8944112      0.1236845            NaN
        1262     10.3513002      2     -0.3964282      0.0927700            NaN
        1265      9.7082996      2     -0.2899286      0.1194159            NaN
        1266     10.3336000      2     -0.4096664      0.0985507            NaN
        1267      9.8671303      3            NaN            NaN     -0.4313856
        1269     10.0801001      1     -0.7989519      0.2551059            NaN
        1270      9.9803495      1     -0.5743085      0.2090076            NaN
        1271      9.6741600      3            NaN            NaN     -0.7894150
        1272      9.8529797      3            NaN            NaN     -0.9808223
        1276     10.3912001      3            NaN            NaN     -0.3923295
        1279     10.4313002      1     -0.8657149      0.2161674            NaN
        1293     11.3500004      3            NaN            NaN     -0.0464996
        1297     10.5030003      3            NaN            NaN     -0.5052818
        1298     10.5396996      1     -0.6422845      0.2456477            NaN
        1307      9.6579905      3            NaN            NaN     -0.6702411
        1309     10.1554003      2     -0.4402773      0.0998763            NaN
        1311      9.0473900      3            NaN            NaN     -0.4107791
        1322     10.3133001      1     -0.6369624      0.1946034            NaN
        1328     10.1119003      1     -0.4533907      0.1623290            NaN
        1334     10.3823004      2     -0.4562903      0.0654037            NaN
        1345     10.5288000      2     -0.4366161      0.1375221            NaN
        1348     10.6724005      3            NaN            NaN     -0.5246242
        1354      9.7407598      3            NaN            NaN     -0.5263110
        1355     10.3234997      2     -0.3948284      0.1098044            NaN
        1356     10.4742002      2     -0.1762928      0.1031139            NaN
        1358     10.0885000      3            NaN            NaN     -0.6983609
        1368     10.0902996      1     -0.2426622      0.1587734            NaN
        1369     10.2616997      1     -0.6934892      0.2228525            NaN
        1377     10.3870001      2     -0.2011923      0.1207014            NaN
        1379     10.2628002      2     -0.4017699      0.1482949            NaN
        1382      9.9905996      2     -0.4932431      0.1182675            NaN
        1383     10.0194998      2     -0.5341272      0.0583489            NaN
        1385      9.6226101      2     -0.8591133      0.1094581            NaN
        1394     11.3648996      1     -0.8571364      0.2653055            NaN
        1399     10.0530005      2     -0.4876156      0.0858343            NaN
        1402      9.8836203      1     -0.7425209      0.2205449            NaN
        1404     10.2349997      2     -0.6075847      0.1311983            NaN
        1414     10.1206999      2     -0.6827224      0.0771686            NaN
        1415      9.7102604      1     -0.8309487      0.1697565            NaN
        1420      9.7372999      1     -0.4485757      0.1689613            NaN
        1421      9.4810200      3            NaN            NaN     -1.0462997
        1427      9.9159403      2     -0.3449079      0.0780004            NaN
        1428     10.3997002      2     -0.4264980      0.0835765            NaN
        1430      9.6903601      1     -0.9516606      0.2049483            NaN
        1431      9.8484001      3            NaN            NaN     -0.0926153
        1436      9.9139099      3            NaN            NaN     -0.3551158
        1438     10.2508001      1     -0.5442854      0.1725327            NaN
        1444     10.2486000      3            NaN            NaN      0.0722598
        1451      9.8949203      3            NaN            NaN     -0.2658813
        1455      9.5700302      1     -0.3269194      0.1940414            NaN
        1458     10.1201000      2     -0.5736063      0.1244256            NaN
        1462     10.0228004      3            NaN            NaN     -0.2639408
        1463     10.2354002      2     -0.5766090      0.0652308            NaN
        1473      9.6945200      1     -0.5396181      0.1282284            NaN
        1475     11.0665998      3            NaN            NaN     -0.6394787
        1481      9.2422895      3            NaN            NaN     -0.6320496
        1490     10.1209002      3            NaN            NaN     -0.6570293
        1492     10.0577002      1     -0.6110722      0.1847311            NaN
        1496      9.9332705      3            NaN            NaN     -0.6501957
        1503      9.9394102      3            NaN            NaN     -0.4793130
        1514     10.1648998      1     -0.5550346      0.1893045            NaN
        1517     11.1289997      2     -0.3681472      0.0897624            NaN
        1524     10.2931004      1     -0.5777822      0.1841497            NaN
        1527      9.9273996      3            NaN            NaN     -0.3234226
        1530      9.9532604      1     -0.3121662      0.1901260            NaN
        1534      9.9887505      2     -0.3614227      0.1390707            NaN
        1540     10.6275997      2     -0.2081553      0.0978881            NaN
        1542      9.5910196      3            NaN            NaN     -0.2993587
        1543      9.9626999      1     -0.5470031      0.2889409            NaN
        1547      9.8461800      3            NaN            NaN     -0.4416865
        1555      9.6822500      3            NaN            NaN     -0.0830700
        1561     10.5827999      1     -0.3876234      0.2357760            NaN
        1562     10.2091999      2     -0.4274561      0.0620289            NaN
        1571     10.9709997      3            NaN            NaN     -0.5916429
        1573     10.7424002      3            NaN            NaN     -0.3434293
        1578     10.2756996      2     -0.5182485      0.1287261            NaN
        1580      9.6226101      2     -0.2311066      0.1290372            NaN
        1584     10.5445995      2     -0.3836661      0.0937286            NaN
        1586     10.5796003      2     -0.3804941      0.1042960            NaN
        1589     10.4067001      3            NaN            NaN     -0.0881583
        1590     10.6724005      1     -0.5657160      0.2371548            NaN
        1592     10.9062004      3            NaN            NaN     -0.6364550
        1595      9.5741501      3            NaN            NaN     -0.4761328
        1597     10.4492998      2     -0.4038053      0.1459876            NaN
        1599     10.3818998      3            NaN            NaN     -0.0073652
        1600     11.1772003      3            NaN            NaN     -0.9094753
        1611     10.4399996      1     -0.2681615      0.1706089            NaN
        1617     10.5151997      2     -0.4076697      0.0853032            NaN
        1620     10.7540998      3            NaN            NaN     -0.2225509
        1623     11.3945999      1     -0.4152986      0.2558178            NaN
        1632      9.6482000      3            NaN            NaN     -0.2164641
        1639     10.1431999      3            NaN            NaN     -0.5355117
        1640      9.8371696      3            NaN            NaN      0.1097045
        1645     10.0684996      1     -0.2654417      0.1765464            NaN
        1663     10.9588003      2     -0.2331161      0.0765650            NaN
        1678     10.6787996      3            NaN            NaN     -0.6612180
        1681     11.1729002      3            NaN            NaN     -0.4200182
        1691      9.8100700      3            NaN            NaN     -0.2042575
        1694      9.7809000      3            NaN            NaN     -0.3500664
        1699     10.8042002      1     -0.5560294      0.2739313            NaN
        1702      9.9473696      3            NaN            NaN     -0.3377542
        1703     10.2917995      1     -0.5476375      0.1429335            NaN
        1704     10.8379002      2     -0.1608948      0.0918336            NaN
        1707      9.8251200      2     -0.3736612      0.1073163            NaN
        1708      9.9739103      1     -0.9176335      0.2087240            NaN
        1710     10.5229998      3            NaN            NaN     -0.2019817
        1720     10.4113998      2     -0.3763466      0.0454396            NaN
        1727     10.3257999      3            NaN            NaN     -0.3347524
        1729     10.5707998      2     -0.2272433      0.1215252            NaN
        1731      9.8684702      1     -1.0649661      0.1675451            NaN
        1733      9.4809103      3            NaN            NaN     -0.2161846
        1742     10.0373001      3            NaN            NaN     -0.4267981
        1744      9.2860603      3            NaN            NaN     -0.0724305
        1746     10.2680998      3            NaN            NaN     -0.4850475
        1747     10.8853998      3            NaN            NaN     -0.2121154
        1748     10.8434000      2     -0.4906723      0.1317932            NaN
        1749     10.6096001      2     -0.3412530      0.1453172            NaN
        1750     10.4820995      2     -0.7519690      0.0803556            NaN
        1752     10.2136002      1     -0.5334944      0.2083506            NaN
        1761     10.8473997      3            NaN            NaN     -0.3033913
        1763     10.5244999      1     -0.3632079      0.2345401            NaN
        1764     10.5737000      1     -1.1057678      0.2327059            NaN
        1766     11.0103998      2     -0.3186351      0.0894136            NaN
        1768     10.3030996      2     -0.2976044      0.1115474            NaN
        1772      9.8945303      1     -0.6929845      0.1530787            NaN
        1781     10.9260998      2     -0.4765747      0.0875239            NaN
        1784     11.1627998      2     -0.3484325      0.1017936            NaN
        1787     11.1955004      2     -0.4839311      0.0466587            NaN
        1789     10.2279997      1     -0.5569065      0.1786059            NaN
        1791     10.1527004      2     -0.6364647      0.0838358            NaN
        1793     10.3248997      2     -0.3454632      0.0368624            NaN
        1795      9.9523497      2     -0.6830903      0.1280614            NaN
        1797     10.9084997      3            NaN            NaN     -0.1231650
        1798     11.1696997      2     -0.5128369      0.0798006            NaN
        1801     10.1429005      2     -0.4247360      0.0888386            NaN
        1804     10.4259005      3            NaN            NaN     -0.3511352
        1809      9.9466896      2     -0.5197547      0.0879756            NaN
        1812      9.6677904      3            NaN            NaN     -0.1480144
        1816     10.4583998      2     -0.3727411      0.0362263            NaN
        1822     10.6457005      3            NaN            NaN     -0.6251354
        1829     10.5052996      1     -0.6022738      0.1727989            NaN
        1831     10.8649998      2     -0.3453380      0.0886481            NaN
        1835     11.2690001      1     -0.3150411      0.1658200            NaN
        1836      9.8351202      2     -0.3477911      0.1354242            NaN
        1844      9.7128201      1     -0.5238744      0.2119272            NaN
        1845      9.8673801      2     -0.6494380      0.1143602            NaN
        1846      9.8513098      3            NaN            NaN     -0.1829913
        1847      9.1950998      3            NaN            NaN     -0.5045097
        1849     10.0240002      3            NaN            NaN     -0.6120577
        1850      9.9480495      3            NaN            NaN     -1.0158629
        1855      9.6325397      1     -1.3736082      0.2049358            NaN
        1856     10.1794996      2     -0.5154649      0.0849812            NaN
        1857      9.8258104      1     -1.0268037      0.2438693            NaN
        1858     10.9441004      2     -0.1621339      0.1131373            NaN
        1861     10.8587999      2     -0.1040081      0.1560709            NaN
        1866      9.8894701      3            NaN            NaN      0.0944971
        1867      9.7388601      1     -1.1648093      0.2887548            NaN
        1873     10.5706997      2     -0.6441872      0.1682314            NaN
        1876     10.4226999      2     -0.3925159      0.1318213            NaN
        1877     10.8330002      1     -0.3172326      0.1498017            NaN
        1878     10.4818001      3            NaN            NaN     -0.4436320
        1880      9.7617302      3            NaN            NaN     -0.2320394
        1883      9.6073303      3            NaN            NaN     -0.5973582
        1886     10.0074997      1     -0.7161171      0.2358259            NaN
        1890      9.7582197      3            NaN            NaN     -0.6345868
        1891     10.8381004      2     -0.2190357      0.1443789            NaN
        1894      9.9060097      1     -0.3692121      0.2553167            NaN
        1904     10.0895004      3            NaN            NaN      0.1817691
        1906     10.5611000      3            NaN            NaN     -0.2293359
        1907     10.6843004      2     -0.1935185      0.1036374            NaN
        1908     10.5549002      1     -0.6830924      0.2061101            NaN
        1910     10.5777998      2     -0.2569164      0.1729282            NaN
        1912     10.2637997      3            NaN            NaN     -0.4409846
        1913     10.0333996      3            NaN            NaN     -0.4069178
        1914     10.2286997      3            NaN            NaN     -0.3651137
        1915     10.2082996      3            NaN            NaN     -0.2407950
        1918      9.9847698      3            NaN            NaN      0.0027377
        1919      9.6372499      3            NaN            NaN     -0.4512929
        1922      9.7575903      2     -0.7252086      0.0938624            NaN
        1923     10.0098000      2     -0.6613798      0.1310699            NaN
        1924     10.0516005      2     -0.2098680      0.1258913            NaN
        1925     10.8831997      3            NaN            NaN     -0.3633278
        1926      9.9174500      3            NaN            NaN     -0.2549161
        1927     10.9021997      3            NaN            NaN     -0.0545882
        1928     10.0796003      2     -0.4781290      0.0792753            NaN
        1931      9.9665499      1     -0.9154813      0.2020107            NaN
        1932      9.7579403      1     -0.7887223      0.2062501            NaN
        1933      9.8219404      1     -0.6075948      0.1794348            NaN
        1934      9.9117298      3            NaN            NaN     -0.0272926
        1938      9.6337900      1     -0.8165005      0.1930714            NaN
        1940     10.3971004      2     -0.4444322      0.0470257            NaN
        1942     10.4338999      1     -0.9097136      0.2124659            NaN
        1943     10.8862000      2     -0.3338330      0.1221055            NaN
        1944     11.0234003      3            NaN            NaN     -0.7633018
        1945     10.7180996      2     -0.4723131      0.1243218            NaN
        1950     10.0897999      2     -0.5317993      0.0797085            NaN
        1956     10.4217997      2     -0.4430324      0.0805794            NaN
        1957      9.8637505      1     -0.3839571      0.1856708            NaN
        1958     10.6499996      2     -0.2948070      0.0498687            NaN
        1962      9.6880798      1     -0.5291691      0.1781697            NaN
        1969      9.5036898      3            NaN            NaN     -0.9245512
        1972      9.7524405      3            NaN            NaN     -0.3195676
        1976      9.6873503      1     -0.6647158      0.2339055            NaN
        1981     11.0753002      2     -0.5347876      0.1288185            NaN
        1983      9.8849602      1     -0.4430154      0.1697867            NaN
        1987     11.0825005      2     -0.2317403      0.1587099            NaN
        1990      9.8768797      2     -0.7855647      0.1034802            NaN
        1994      9.8417597      3            NaN            NaN     -0.4992550
        1996     10.2519999      3            NaN            NaN      0.0506923
        1998     10.1335001      2     -0.4561632      0.1195589            NaN
        1999     10.2882004      2     -0.4146695      0.0875107            NaN
        2002      9.8391199      3            NaN            NaN     -0.6295137
        2005      9.7166500      3            NaN            NaN     -0.9351395
        2010      9.7103205      3            NaN            NaN     -0.2183306
        2011     10.1942997      2     -0.4958843      0.1049695            NaN
        2013     11.2442999      3            NaN            NaN     -0.3905675
        2020     10.5789003      2     -0.5348838      0.1158170            NaN
        2021     10.9424000      2     -0.1129946      0.1147749            NaN
        2025     10.8856001      1     -0.7330526      0.2720753            NaN
        2026      9.9289703      2     -0.7451829      0.1209570            NaN
        2028     10.9410000      2     -0.2560914      0.0550048            NaN
        2029      9.5322800      3            NaN            NaN     -0.5802618
        2034      9.5369997      3            NaN            NaN     -0.7165833
        2035     10.4029999      2     -0.4670806      0.0797816            NaN
        2038     10.4532003      2     -0.5118383      0.0934000            NaN
        2039     10.3690996      2     -0.6494516      0.0783135            NaN
        2040     10.5867004      3            NaN            NaN     -0.6599783
        2041     11.0510998      3            NaN            NaN     -0.2315913
        2047      9.4270296      3            NaN            NaN     -0.3501137
        2051     10.1035995      3            NaN            NaN     -0.4543914
        2054     10.4317999      3            NaN            NaN     -0.6869124
        2074     11.0983000      2     -0.3929717      0.0994922            NaN
        2084     10.7237997      2     -0.1391022      0.1095672            NaN
        2091     10.4882002      3            NaN            NaN     -0.1861819
        2093     10.6014996      2     -0.5359258      0.0851882            NaN
        2094      9.7238903      2     -0.7798503      0.1365974            NaN
        2096     11.1180000      2     -0.4282227      0.0869725            NaN
        2100      9.7738104      3            NaN            NaN      0.1224032
        2102      9.5933104      2     -0.7409921      0.0824861            NaN
        2103     10.3872004      2     -0.5069393      0.0798056            NaN
        2107     10.6569004      2     -0.3213571      0.1290731            NaN
        2108     10.5600004      2     -0.5498107      0.0738782            NaN
        2109     10.3409996      2     -0.5176533      0.0686066            NaN
        2116      9.9664202      1     -0.9501581      0.2252981            NaN
        2118     11.3922005      2     -0.2434399      0.0273831            NaN
        2120     10.5067997      2     -0.5324977      0.1230228            NaN
        2127     10.4615002      2     -0.6269429      0.1509129            NaN
        2138     10.2784996      2     -0.5396119      0.1234941            NaN
        2148     10.3570004      1     -0.6935660      0.1589727            NaN
        2151     10.7152004      2     -0.2736546      0.1048941            NaN
        2156     10.3136997      2     -0.8442032      0.0430093            NaN
        2157     10.2607002      1     -0.5873869      0.1714883            NaN
        2158     10.1072998      2     -0.4215762      0.0482502            NaN
        2162      9.7284298      3            NaN            NaN     -0.5342529
        2168     10.7473001      1     -0.6507943      0.2316163            NaN
        2175     10.8100004      2     -0.6390144      0.1073211            NaN
        2184     10.4392996      2     -0.3349909      0.1799095            NaN
        2189     10.3760004      2     -0.5961638      0.1359348            NaN
        2193     10.6002998      1     -0.6225944      0.2422337            NaN
        2196     10.2559996      1     -0.3434904      0.1799433            NaN
        2208     11.2108002      1     -0.3058592      0.0900471            NaN
        2209     10.5662003      2     -0.4794278      0.0896419            NaN
        2214     10.8030996      2     -0.4328982      0.1542833            NaN
        2219     10.1802998      1     -0.5341035      0.2117913            NaN
        2228     10.0993996      2     -0.2677052      0.1115712            NaN
        2243     10.9103003      3            NaN            NaN      0.1118142
        2246     10.7131004      3            NaN            NaN      0.0014727
        2251     10.3008003      1     -0.7091328      0.1536102            NaN
        2255     10.0326996      1     -0.5345010      0.2566667            NaN
        2256     10.0818005      3            NaN            NaN     -0.2058400
        2258      9.9602900      3            NaN            NaN     -0.7513449
        2264     10.2266998      2     -0.4560713      0.0849123            NaN
        2267     10.0818005      2     -0.5691704      0.0883584            NaN
        2272      9.6578798      3            NaN            NaN     -0.3716763
        2276     10.6201000      2     -0.4812090      0.0934990            NaN
        2281     10.3352003      3            NaN            NaN     -0.6743268
        2307     10.8421001      2     -0.2701695      0.0327612            NaN
        2314     10.2993002      3            NaN            NaN     -0.5406116
        2327     10.3906002      2     -0.3607275      0.0671206            NaN
        2332     10.4530001      1     -0.6680045      0.2372902            NaN
        2336     11.3500004      2     -0.1861033      0.1529198            NaN
        2360     10.6273003      2     -0.6986931      0.1444245            NaN
        2364     10.4694996      2     -0.2348748      0.1084201            NaN
        2367     10.1281004      3            NaN            NaN     -0.0883270
        2375     10.8083000      2     -0.1078949      0.0832053            NaN
        2381     10.5349998      3            NaN            NaN     -0.2957771
        2403     10.2055998      2     -0.6366012      0.0472709            NaN
        2404     10.4298000      1     -0.7661297      0.2761817            NaN
        2422     10.6022997      1     -0.3418574      0.2807525            NaN
        2423     10.9266005      2     -0.3569843      0.1039696            NaN
        2429     10.0129995      3            NaN            NaN     -0.5782588
        2436     10.1006002      3            NaN            NaN     -0.0797889
        2437     10.7958002      3            NaN            NaN     -0.7196048
        2438     10.5938997      3            NaN            NaN     -1.1164843
        2446     10.4410000      3            NaN            NaN     -0.3370243
        2449      9.5105896      3            NaN            NaN     -0.6217743
        2452      9.9235096      1     -0.5677436      0.1963973            NaN
        2455      9.6107397      3            NaN            NaN     -0.5876042
        2457     10.4252996      2     -0.4081634      0.0717225            NaN
        2462     10.4368000      2     -0.5963171      0.1065010            NaN
        2477     11.0390997      1     -0.5688458      0.2440230            NaN
        2481     10.3611002      2     -0.3817744      0.0649572            NaN
        2487     10.2111998      1     -0.4134372      0.1510264            NaN
        2491     10.9216995      3            NaN            NaN     -0.3995100
        2493     10.7222996      3            NaN            NaN     -0.5480770
        2515     10.3599005      2     -0.3829325      0.0817344            NaN
        2536     10.7068996      1     -0.4347956      0.1572702            NaN
        2537     10.7971001      2     -0.5203944      0.1100883            NaN
        2540     10.8936005      3            NaN            NaN     -0.4863509
        2546     10.6180000      2     -0.4243528      0.0524441            NaN
        2559     10.3717003      3            NaN            NaN     -0.6028572
        2564     10.1056004      1     -0.6332577      0.2517057            NaN
        2570     10.3324003      2     -0.8371527      0.1480879            NaN
        2572     10.4254999      3            NaN            NaN     -0.5706866
        2581     10.5534000      2     -0.7185037      0.0538918            NaN
        2583      9.6894703      2     -0.7158406      0.0885027            NaN
        2587      9.9058199      2     -0.6250628      0.0485946            NaN
        2591     10.6018000      2     -0.2889479      0.0748766            NaN
        2605     10.4319000      3            NaN            NaN     -0.6053256
        2652     10.3149996      2     -0.6598895      0.0888882            NaN
        2905     10.8156996      2     -0.3424955      0.1202364            NaN
        3160     10.3473997      2     -0.2135262      0.0964198            NaN
        3165     10.5611000      2     -0.4170839      0.0632513            NaN
        3174     10.8583002      1     -0.4238068      0.1749504            NaN
        3178     10.8018999      1     -0.2978819      0.1341977            NaN
        3184     10.1943998      3            NaN            NaN     -0.6032417
        3196     10.0988998      1     -0.6779148      0.2091213            NaN
        3200     10.3092003      2     -0.4311884      0.1056321            NaN
        3202     10.7226000      3            NaN            NaN     -0.6176190
        3207     10.6198997      3            NaN            NaN     -0.1482517
        3214     10.0570002      2     -0.2878354      0.1125446            NaN
        3234     10.2314997      2     -0.4197720      0.1165217            NaN
        3242     10.3676996      1     -0.7666200      0.2314451            NaN
        3244     10.7910004      1     -0.3889940      0.1770288            NaN
        3249     10.7528000      3            NaN            NaN     -0.3947941
        3264     10.6241999      1     -0.1814307      0.2654359            NaN
        3270     10.4394999      2     -0.2368770      0.1544608            NaN
        3276     10.2989998      2     -0.4870138      0.1072999            NaN
        3279      9.8765097      1     -0.8059918      0.1890134            NaN
        3285     10.3031998      2     -0.5716855      0.0854022            NaN
        3287     11.2196999      1     -0.5380087      0.2721459            NaN
        3288     10.2828999      2     -0.4035401      0.1018110            NaN
        3297     10.1087999      3            NaN            NaN     -0.1209309
        3315      9.4677095      1     -1.0211288      0.2557867            NaN
        3332     10.9139996      3            NaN            NaN     -0.5995721
        3334     10.2579002      1     -0.7125022      0.1971608            NaN
        3336     10.5116997      1     -0.5453946      0.1906410            NaN
        3348     10.0410004      3            NaN            NaN     -0.3020539
        3368      9.9716702      2     -0.2012859      0.1650776            NaN
        3379     10.6019001      1     -0.7060663      0.2081456            NaN
        3382     10.2333002      1     -0.5677910      0.1802412            NaN
        3383     10.1408005      2     -0.3226565      0.1437366            NaN
        3384     11.2475004      2     -0.2823094      0.0546352            NaN
        3388     10.3016996      3            NaN            NaN     -0.8418522
        3389     10.1940002      3            NaN            NaN     -0.3635736
        3391     10.4832001      2     -0.4277936      0.0745005            NaN
        3394     10.5263004      1     -0.1621071      0.2143754            NaN
        3398     10.1613998      3            NaN            NaN     -0.5322793
        3405     10.9354000      2     -0.3167889      0.1346267            NaN
        3410     10.3569002      1     -0.2800502      0.1720662            NaN
        3418     10.4727001      2     -0.3105691      0.1226458            NaN
        3421     10.6386003      1     -0.1536730      0.1847879            NaN
        3429     10.1489000      2     -0.4006222      0.1605392            NaN
        3435     10.4666996      3            NaN            NaN     -0.4932643
        3447     10.5815001      1     -0.5678855      0.1833803            NaN
        3449     10.5819998      2     -0.2684344      0.0874025            NaN
        3452     10.3612003      2     -0.3149806      0.1343698            NaN
        3453      9.8754396      3            NaN            NaN     -0.2577435
        3459     11.1950998      3            NaN            NaN     -0.2139403
        3463     10.5668001      3            NaN            NaN     -0.7314016
        3489     10.7264996      1     -0.7233120      0.2215543            NaN
        3494     10.1194000      1     -0.7605999      0.2329192            NaN
        3503      9.9484797      3            NaN            NaN     -0.2072794
        3511     10.7427998      3            NaN            NaN     -0.0678863
        3515      9.9209700      3            NaN            NaN     -0.4909500
        3522      9.8832703      1     -0.6686881      0.2484042            NaN
        3530     10.8355999      2     -0.1107357      0.0815286            NaN
        3546     10.2318001      2     -0.4367766      0.0619453            NaN
        3548     10.5576000      2     -0.3541598      0.1169773            NaN
        3558     11.4046001      2     -0.2278626      0.0535427            NaN
        3566     10.7669001      1     -0.8770358      0.2778979            NaN
        3580      9.7376804      3            NaN            NaN     -0.2669097
        3581      9.8999996      2     -0.3116595      0.1543752            NaN
        3584     10.1780005      1     -0.8315625      0.2858361            NaN
        3605     10.3836002      2     -0.2491723      0.1280492            NaN
        3620     10.2375002      1     -0.7229843      0.1808170            NaN
        3635     10.4218998      1     -0.5709115      0.1652427            NaN
        3636     10.5222998      1     -0.5475882      0.1743186            NaN
        3637     10.2927999      3            NaN            NaN     -0.4937603
        3646     11.3002996      3            NaN            NaN      0.1023264
        3662     10.1912003      2     -0.3253455      0.1441640            NaN
        3668      9.8651896      2     -0.5474939      0.1547049            NaN
        3679     10.1192999      1     -0.4464135      0.2315247            NaN
        3694     10.3100004      1     -1.1444296      0.2161399            NaN
        3699      9.5945196      3            NaN            NaN     -0.1063024
        3700     11.0344000      2     -0.3518725      0.0579733            NaN
        3714     10.5668001      3            NaN            NaN     -0.5376522
        3730     10.0129004      3            NaN            NaN     -0.7891934
        3732     10.3852997      2     -0.5829725      0.0770012            NaN
        3743     10.6178999      2     -0.1244877      0.1302080            NaN
        3744     10.9749002      3            NaN            NaN     -0.1348591
        3746     10.1152000      3            NaN            NaN     -0.7184836
        3748     10.4414997      2     -0.2521143      0.0759780            NaN
        3755     11.2003002      2     -0.4512521      0.1138123            NaN
        3763     10.8128996      2     -0.5257431      0.0732996            NaN
        3768     10.7052002      2     -0.1323447      0.0741808            NaN
        3772     10.0695000      2     -0.7068013      0.0751783            NaN
        3776     10.0297003      1     -0.4578047      0.1803403            NaN
        3797     10.5115004      3            NaN            NaN     -0.0438096
        3798     10.8361998      2     -0.4728010      0.1510501            NaN
        3799     10.3614998      2     -0.4386591      0.0632262            NaN
        3808     10.5896997      2     -0.5117443      0.0471754            NaN
        3809     10.2222004      1     -0.8296851      0.2038319            NaN
        3816     10.5319996      2     -0.7091507      0.1427460            NaN
        3820     10.0822001      2     -0.4861877      0.0888142            NaN
        3824     10.5978003      2     -0.2059632      0.0810120            NaN
        3831     10.8281002      2     -0.4185847      0.1383449            NaN
        3838     10.3662996      1     -0.5084528      0.1613149            NaN
        3840     10.6131001      2     -0.4160462      0.0598414            NaN
        3855      9.8063602      2     -0.7991213      0.1379005            NaN
        3861     10.2760000      2     -0.4465660      0.0962477            NaN
        3862     10.6792002      2     -0.2437226      0.0695247            NaN
        3864     10.6599998      2     -0.4271562      0.0951021            NaN
        3866      9.6401196      3            NaN            NaN     -0.3149401
        3872     10.6337996      2     -0.2060726      0.1171187            NaN
        3886     10.9308004      1     -0.3721071      0.1885159            NaN
        3891     11.0838003      3            NaN            NaN     -0.5551909
        3893     10.7241001      1     -0.1951936      0.2011679            NaN
        3916     10.4454002      3            NaN            NaN     -0.4514737
        3935     10.5993996      3            NaN            NaN     -0.2857745
        3951     10.0128002      3            NaN            NaN     -0.7320048
        3952     10.8985004      3            NaN            NaN     -0.7586312
        3959      9.7882996      1     -0.8184298      0.2083300            NaN
        3965     10.4544001      2     -0.5169423      0.1117159            NaN
        3967     10.6271000      2     -0.5114277      0.1468547            NaN
        3968      9.8097601      2     -0.4338932      0.1332413            NaN
        3974     10.0465002      1     -0.7181099      0.1942690            NaN
        3975      9.8578501      3            NaN            NaN     -0.5466422
        3978     11.0429001      3            NaN            NaN     -0.5419605
        3980     10.5447998      3            NaN            NaN     -0.4740787
        3981      9.9370098      3            NaN            NaN     -0.3327065
        3992     10.7785997      2     -0.3897088      0.1107515            NaN
        4002     10.4399996      2     -0.4019698      0.1544519            NaN
        4003     10.7356997      2     -0.2952336      0.0883152            NaN
        4004     10.3563004      3            NaN            NaN     -0.0376188
        4013     10.5244999      2     -0.2994496      0.0794352            NaN
        4016     10.2916002      2     -0.3111515      0.1233263            NaN
        4025      9.8451700      1     -0.9838124      0.2194219            NaN
        4033      9.8999796      3            NaN            NaN     -0.3692572
        4034     10.3006001      3            NaN            NaN     -0.5849230
        4036     10.4935999      2     -0.2754179      0.1220805            NaN
        4040     10.6576004      3            NaN            NaN      0.0724779
        4043     10.1871004      3            NaN            NaN     -0.6428268
        4049     10.8620996      1     -0.4662900      0.2116564            NaN
        4057      9.9129601      1     -0.3677862      0.2506292            NaN
        4062     10.1387997      3            NaN            NaN     -0.4753623
        4064     10.0761003      3            NaN            NaN     -0.4839667
        4066      9.8985596      3            NaN            NaN     -0.3906799
        4070     10.6812000      1     -0.4007587      0.1605982            NaN
        4087      9.8044004      3            NaN            NaN     -0.5747451
        4095     10.0438995      3            NaN            NaN     -0.3790387
        4098      9.7686901      3            NaN            NaN     -0.4031618
        4099     10.3994999      2     -0.2163583      0.0847955            NaN
        4109      9.8448601      3            NaN            NaN     -0.0494688
        4123     10.4485998      2     -0.4079001      0.1387282            NaN
        4126     10.1808004      3            NaN            NaN     -0.7750180
        4140     10.8954000      2     -0.1644748      0.0592846            NaN
        4151     10.1431999      2     -0.4090428      0.0868512            NaN
        4156     10.1629000      3            NaN            NaN     -0.1382877
        4160     10.1435003      3            NaN            NaN     -0.6557728
        4162     11.1169996      3            NaN            NaN     -0.0000811
        4174      9.7126198      3            NaN            NaN     -1.1066737
        4178      9.8808403      3            NaN            NaN     -0.3460440
        4183      9.5571003      3            NaN            NaN     -0.6542207
        4188     10.6368999      2     -0.2756629      0.1374533            NaN
        4191      9.8587704      3            NaN            NaN     -0.0288354
        4192     10.7396002      3            NaN            NaN     -0.1495503
        4197     10.0572004      1     -0.3074257      0.1662949            NaN
        4199     10.4252996      1     -0.7133421      0.1727479            NaN
        4202     10.0309000      3            NaN            NaN     -0.2556422
        4205     10.7573004      3            NaN            NaN     -0.6721226
        4206     10.0890999      2     -0.2976171      0.1234267            NaN
        4218     10.6820002      3            NaN            NaN     -0.0801360
        4221      9.8304005      1     -0.4333868      0.2755390            NaN
        4222      9.7986002      3            NaN            NaN     -0.7893860
        4227     10.7637997      3            NaN            NaN     -0.1584028
        4228     10.5618000      3            NaN            NaN     -0.8010266
        4236     10.2538004      2     -0.6755680      0.0751574            NaN
        4238     10.9287004      3            NaN            NaN     -0.1352029
        4239     10.9914999      3            NaN            NaN     -0.6005594
        4242      9.5755301      3            NaN            NaN     -0.2979691
        4243     11.0008001      3            NaN            NaN     -0.4665076
        4254     10.7065001      2     -0.3501660      0.1297560            NaN
        4256      9.7309799      3            NaN            NaN     -0.6537338
        4257     10.2792997      1     -0.6659579      0.1320827            NaN
        4258     10.7314997      2     -0.3250796      0.0989728            NaN
        4263      9.9243402      2     -0.3450259      0.0958615            NaN
        4264     10.7539997      2     -0.3125533      0.1254921            NaN
        4267     10.6879997      1     -0.3284247      0.1614587            NaN
        4269      9.8432798      1     -0.7305564      0.1488106            NaN
        4284      9.6049700      3            NaN            NaN     -0.9143077
        4286      9.9468203      3            NaN            NaN     -0.1491089
        4291     10.4202995      3            NaN            NaN     -0.5414405
        4296     10.9986000      3            NaN            NaN     -0.2557096
        4306     10.7498999      2     -0.4790989      0.1378436            NaN
        4311     10.4027004      3            NaN            NaN      0.3983344
        4327      9.4798403      3            NaN            NaN     -0.9184074
        4328     10.5637999      3            NaN            NaN     -0.4090793
        4330     10.5091000      3            NaN            NaN     -0.2539053
        4345     10.4473000      2     -0.3721544      0.1161432            NaN
        4347      9.7256002      3            NaN            NaN     -0.5959337
        4351      9.6178999      3            NaN            NaN     -0.2120219
        4367     10.2744999      2     -0.4474132      0.0940736            NaN
        4369      9.5695496      3            NaN            NaN     -1.0543704
        4377      9.9568300      3            NaN            NaN     -0.5156928
        4404     10.8458996      2     -0.3918027      0.1061945            NaN
        4414     10.2244997      2     -0.4606496      0.0843291            NaN
        4416     10.5833998      3            NaN            NaN     -0.6536179
        4423      9.3665600      3            NaN            NaN     -0.2249425
        4424     10.0839005      2     -0.5004745      0.1474594            NaN
        4450     10.4611998      2     -0.5589341      0.1117903            NaN
        4453     10.4632998      2     -0.5307218      0.0876707            NaN
        4477     10.0475998      1     -0.4914650      0.1561634            NaN
        4483     10.2990999      3            NaN            NaN     -0.5862476
        4485     10.7974997      3            NaN            NaN     -0.2401419
        4492      9.9263697      3            NaN            NaN     -0.4118684
        4497     10.1485004      2     -0.3011634      0.1251645            NaN
        4500      9.8241396      2     -0.5403648      0.1180743            NaN
        4504      9.6519804      1     -0.6706435      0.2250988            NaN
        4508     10.8736000      3            NaN            NaN     -0.3544211
        4512      9.7501898      3            NaN            NaN     -0.8977035
        4527     10.3341999      1     -0.3091789      0.1941639            NaN
        4528     10.4208002      3            NaN            NaN     -0.8354313
        4532     10.0854998      2     -0.6625192      0.0758254            NaN
        4533      9.8698797      3            NaN            NaN     -0.3557859
        4534      9.2350197      1     -1.5201020      0.2618826            NaN
        4538      9.7375002      3            NaN            NaN     -0.6566374
        4546     10.5345001      2     -0.3450312      0.0701838            NaN
        4547     10.0172005      3            NaN            NaN     -0.4905719
        4549     10.4666004      1     -0.9626682      0.2349024            NaN
        4553      9.9888601      2     -0.5724597      0.1263928            NaN
        4555      9.9890900      3            NaN            NaN     -0.6456063
        4560      9.8187399      2     -0.6997597      0.1147687            NaN
        4562      9.9679403      2     -0.7067579      0.0988763            NaN
        4563      9.7657299      2     -0.4875841      0.1225904            NaN
        4565      9.9563103      2     -0.5246974      0.1365148            NaN
        4566      9.4972601      1     -0.5078927      0.2085612            NaN
        4573      9.9737501      2     -0.5519822      0.1018718            NaN
        4592     10.1306000      3            NaN            NaN     -0.3028679
        4595     10.4111996      2     -0.3028205      0.1344539            NaN
        4597     10.2140999      3            NaN            NaN     -0.5852807
        4601     10.8167000      3            NaN            NaN     -0.2583444
        4607     10.8351002      2     -0.1494372      0.1100435            NaN
        4618     10.4420996      1     -0.5215826      0.1835070            NaN
        4619     10.1011000      1     -0.5972733      0.2154526            NaN
        4625     10.6271000      2     -0.5881678      0.0748215            NaN
        4626     10.8492002      1     -0.5746411      0.1955758            NaN
        4629      9.3715801      1     -0.6637502      0.2517854            NaN
        4630     10.2624998      2     -0.2557419      0.0880555            NaN
        4635     10.5895004      1     -0.4085076      0.1899018            NaN
        4636      8.9930296      3            NaN            NaN     -0.6642284
        4637     10.7613001      3            NaN            NaN     -0.7562650
        4639     10.4428997      2     -0.3304383      0.0967265            NaN
        4646      9.8913603      2     -0.4747997      0.1271955            NaN
        4647      9.1502800      3            NaN            NaN     -1.1316588
        4654     10.0101995      3            NaN            NaN     -0.8623580
        4672      9.8779697      1     -0.9277081      0.1717327            NaN
        4678     10.6575003      2     -0.3756475      0.0836339            NaN
        4687     10.9692001      2     -0.3852737      0.1288415            NaN
        4688      9.7620001      3            NaN            NaN     -0.2374522
        4712     10.8022003      3            NaN            NaN     -0.4435930
        4724     10.2406998      3            NaN            NaN     -0.1541197
        4736     10.3266001      1     -0.1793448      0.2082850            NaN
        4750      9.5009298      3            NaN            NaN     -0.2641347
        4754     10.7688999      3            NaN            NaN     -0.1792699
        4755      9.7676296      3            NaN            NaN     -0.2042315
