# Created: 2023 Aug 10, D.Kashino
# Kashino et al. 2019, ApJS, 241, 10, Figure 37
#
# Sample-HJ stacks in 12 bins of stellar mass
# N = 907
# The first row for the entire sample
#
# N2 = log10([NII]6584/Halpha)
# S2 = log10([SII]6717+6731/Halpha)
# O3 = log10([OIII]5007/Hbeta)
#
#
# n_inbin mass_median mass_min mass_max  N2 N2_err S2 S2_err N2S2 N2S2_err O3 O3_err O3N2 O3N2_err Hb_corr
         907    10.214     8.792    11.405  -0.60156   0.01547  -0.59770   0.02115  -0.00387   0.02448       NaN       NaN       NaN       NaN       NaN
          75     9.532     8.792     9.640  -1.37064   0.24011  -0.71540   0.07251  -0.65524   0.23402       NaN       NaN       NaN       NaN       NaN
          75     9.728     9.642     9.794  -0.91390   0.06031  -0.62701   0.07951  -0.28690   0.10019       NaN       NaN       NaN       NaN       NaN
          75     9.852     9.799     9.895  -0.77379   0.04682  -0.64332   0.09749  -0.13046   0.10087       NaN       NaN       NaN       NaN       NaN
          75     9.942     9.899     9.991  -0.72454   0.05912  -0.61281   0.07318  -0.11173   0.08689       NaN       NaN       NaN       NaN       NaN
          75    10.057     9.991    10.101  -0.66587   0.04526  -0.59686   0.07193  -0.06901   0.08209       NaN       NaN       NaN       NaN       NaN
          76    10.149    10.102    10.211  -0.63886   0.04775  -0.49818   0.04652  -0.14069   0.06468       NaN       NaN       NaN       NaN       NaN
          76    10.269    10.212    10.327  -0.56184   0.03622  -0.56309   0.03756   0.00125   0.04518       NaN       NaN       NaN       NaN       NaN
          76    10.384    10.327    10.437  -0.52280   0.03098  -0.52066   0.04890  -0.00214   0.05637       NaN       NaN       NaN       NaN       NaN
          76    10.503    10.439    10.561  -0.50122   0.02915  -0.57222   0.04954   0.07099   0.05654       NaN       NaN       NaN       NaN       NaN
          76    10.618    10.562    10.707  -0.43489   0.03434  -0.74965   0.12970   0.31476   0.13393       NaN       NaN       NaN       NaN       NaN
          76    10.802    10.713    10.895  -0.40721   0.04501  -0.57283   0.06230   0.16562   0.07306       NaN       NaN       NaN       NaN       NaN
          76    11.029    10.899    11.405  -0.43464   0.04645  -0.63466   0.11549   0.20002   0.12253       NaN       NaN       NaN       NaN       NaN
